0.43497586 -0.54943764 -1.1944048
0.4463714 -0.68336815 -1.1685518
0.5828257 -1.0002227 -1.4044756
0.47652218 -0.9615714 -1.1936977
0.45473298 -0.9776018 -1.1557319
0.41616908 -0.9382325 -1.2434876
0.385929 -0.5072741 -1.4666412
0.4770479 -0.9392329 -1.5263716
0.40547928 -0.9701529 -1.158555
0.412447 -0.9735978 -1.2386957
0.44384524 -0.93110776 -1.4228641
0.4944223 -1.0276344 -1.725415
0.35479 -1.0224586 -1.2810817
0.24617961 0.053734876 -1.8775764
0.24765332 -0.069027096 -1.8441013
0.19429314 0.092239335 -2.018302
0.25963467 -1.0289514 -1.2072407
0.19734024 -0.14088881 -1.9859488
0.24190009 -0.9859231 -1.3755679
0.15115415 -0.15231247 -1.9183087
0.1914041 -1.0162807 -1.2678446
0.077075906 -0.059539065 -1.8057039
0.04605443 -0.07421458 -1.6575924
0.110451385 -0.99399036 -1.3618953
0.018036537 -0.0221617 -1.7519218
0.21253996 -0.13626543 -1.8731302
0.031066522 -0.5512964 -1.1657834
0.054153625 -0.91875213 -1.1875942
-0.035436183 -0.042307727 -1.5872265
-0.03452812 -0.08788268 -1.7618657
-0.006696172 -0.6441938 -1.2472789
-0.08164704 -0.08754024 -1.6642793
-0.09384592 -0.049927883 -1.5956372
-0.08976339 -0.31584674 -1.6292173
-0.11675842 -0.078707024 -1.5889624
-0.1197723 -0.3999131 -1.8016648
0.08562304 -0.8305163 -1.2316835
-0.13481143 -0.010838717 -1.604392
-0.1421546 0.067669384 -1.5764245
-0.059527144 -1.0207505 -1.2338144
-0.15386067 0.10588995 -1.6324494
-0.17265052 -0.6736836 -1.7886747
-0.17699012 -0.0384532 -1.550455
-0.18903807 0.10261195 -1.5667427
-0.18785906 0.004710216 -1.5528169
-0.12029056 -0.87673676 -1.2384444
-0.18909362 0.06714324 -1.5198964
-0.20665917 -0.15151249 -1.5857593
-0.19754228 -0.014261112 -1.4805567
-0.21279031 0.03754467 -1.5333765
-0.13793291 -0.9228091 -1.2595114
-0.23394653 0.10445486 -1.5306954
-0.23239735 0.0041495822 -1.5291685
-0.1774374 -0.9038686 -1.2679223
-0.26800826 -0.09046519 -1.548696
-0.18936291 -0.99421304 -1.1264377
-0.13411708 -0.3957443 -1.6994468
-0.29454103 -0.52001673 -1.4872036
-0.12642819 -0.97288877 -1.522551
-0.2867341 -0.46113193 -1.4339186
-0.27631772 -0.89795244 -1.2940289
-0.29112288 -0.9485752 -1.288929
-0.32992002 -0.44167393 -1.4789662
-0.3339707 -0.47906762 -1.4554403
-0.22457317 -0.77607024 -1.7910479
-0.3395786 -0.9472999 -1.390792
-0.3819901 -0.5102183 -1.4938872
-0.38168418 -0.9971033 -1.4027381
-0.38630402 -1.0239768 -1.3662148
0.4456169 -0.8330916 -1.1288873
0.32383645 -0.9898359 -1.1371677
-0.008049637 -0.8971814 -1.2089943
-0.09733671 -0.98112565 -1.2819905
-0.41446525 -0.996306 -1.3351123
0.46338102 -0.554251 -1.14505
0.1857895 -0.97191375 -1.313111
0.408172 -0.1685053 -1.6355861
0.15790486 -0.08770478 -1.7607664
0.089850225 -0.08567065 -1.7560431
0.17651133 -1.0006816 -1.2448107
0.11021022 -0.16011977 -1.7851862
0.041107446 -0.98516136 -1.1132253
0.050100926 -0.9475898 -1.1313683
-0.09693302 -0.9371076 -1.4674886
-0.15178607 0.028644465 -1.5003718
0.0030930638 -0.7275723 -1.0946637
0.48899508 -0.37159845 -1.1646906
0.40072548 -0.6169372 -1.1074628
